2019-07-01..2019-08-01:
723310
723748
724112
723849
723905
724091
723527
724062
724317
724277
723672
723899
724199
724049
723868
724200
723920
723536
724041
724198
724050
723537
724273
723825
723543
724465
723490
723951
724048
723901
723229
723848
724069
724000
723900
723540
723729
723673
723859
723912
724279
724035
723745
724061
724188
723894
723869
723092
724118
723389
724278
723629
724543
724275
724287
724290
723933
723902
724312
723176
724197
724031
724551
724092
723482
723625
724274
724052
724094
723858
723679
724548
723495
723897
724536
723723
723893
724119
724545
723346
724527
723492
724570
723666
723759
723950
724285
724507
723174
723211
723955
723885
724537
724534
724083
724208
723569
723667
723965
724210
723903
723531
723491
723525
723833
724087
723726
723534
723877
723757
724093
723866
723846
724300
723891
723542
723826
724364
723529
724550
723500
724281
724303
723627
723761
723204
724286
723541
723678
723909
723535
724101
724063
723348
723603
723484
723391
723674
724538
723677
724516
724282
723895
723906
724316
723499
723337
723892
724535
723498
724054
723911
724327
724474
724301
723860
723473
724126
723867
723293
724096
724104
723503
724585
724142
724030
724023
723725
724103
723828
723898
724125
723474
723818
724466
724108
723101
724209
724127
723232
724032
724509
724318
724186
723913
724579
723820
724276
723164
724510
723617
724310
723205
723874
723817
723762
724057
724194
724085
723614
724573
723699
723497
723239
724100
724080
724539
723758
723855
723219
724524
723675
723668
723701
724037
724150
723616
723602
724212
724183
724309
724088
723422
723530
723464
724190
724105
724556
723861
724248
723175
724222
723744
724479
724291
724558
723481
723493
723783
724153
724128
724239
724133
723349
723317
724541
723470
724315
723264
724522
724084
723957
724531
723873
723296
723889
723294
724055
723410
724185
724591
723907
724115
723896
724116
724191
723985
723424
723263
724393
724107
724302
724247
723316
724473
723098
723611
724205
723816
724559
724245
723942
723964
723995
723628
724521
723755
723341
723910
724549
724109
723670
723875
723171
724546
723914
724227
724144
723890
723752
724555
724478
723606
723425
723206
723406
723192
723999
723221
723719
724106
724304
723111
723351
723369
724211
723230
723398
723494
723717
723248
724490
723417
723856
724560
724552
723468
723588
723626
724517
723613
723458
724597
723358
723469
723812
723276
723528
724508
724051
724135
724040
723173
723558
723760
723217
723724
723727
723956
723488
723550
723223
724530
724476
724557
724511
723556
723483
724475
724314
724184
724079
2019-06-01..2019-07-01:
722616
721833
722542
721848
722053
722129
721823
721803
722195
722322
722776
722324
721941
723054
722194
721921
722609
722130
722608
721840
722151
722325
722541
722127
721818
722648
722879
721812
721882
721809
721832
722754
721871
721986
722991
721935
722790
721940
721828
723071
722139
721918
721831
721984
721936
723008
723060
722126
722047
723061
721851
721951
721864
722578
722150
721859
722772
722649
721824
722321
721933
722791
721965
722788
722323
722062
723046
722214
722838
722993
722596
722789
722727
721826
722061
722960
722597
722028
722892
723017
722595
722734
722786
721903
722180
722777
722773
721799
721837
721949
722116
722787
721909
722723
722109
722191
722697
722326
723045
722610
722642
722618
722179
722587
722263
721950
723070
723012
723062
722048
721904
722747
722661
722964
722637
722874
721738
721948
722849
722640
722003
721874
722934
722557
722771
722927
722775
722114
722638
721814
722779
723016
722639
723015
721917
721898
722965
722579
722539
722111
722055
721822
721865
722181
721869
721905
721892
722992
723072
722120
721975
722899
722852
721884
721942
722915
722530
722516
721827
721886
722876
722650
722967
722192
721957
722752
722513
721983
722045
721961
722718
723014
722801
722623
721912
721908
722919
722922
721740
722184
722057
722052
722797
723013
722562
721877
722641
722935
722112
721863
721906
722577
722309
722840
722576
723058
721860
721876
722806
722136
722517
722002
722538
723059
723018
722873
722277
723011
722875
722123
722308
722966
722507
723057
722527
722839
722864
721979
721947
721887
721739
721816
722168
722908
723010
722543
722633
721985
721980
722643
721914
722675
721839
721913
721825
722257
722001
722634
722178
722918
722058
722046
721815
722628
722617
723034
721907
722622
722768
722756
722636
722306
722769
722834
721885
722619
723068
721910
722696
722767
722753
721784
722724
722837
721978
723084
722307
722963
721862
722644
722866
722612
723001
721938
723081
721960
721922
722853
722540
722763
722749
722208
722923
721857
722847
722575
722758
722920
722764
722844
721849
721973
722059
722930
721883
722976
721916
723069
722564
722056
721945
722051
722050
721919
721920
722212
722910
722759
722501
722709
722645
722235
722629
721974
721804
723080
722736
722207
723083
722757
721931
722917
722732
721888
721901
722710
722215
722171
721972
721946
722044
721801
722509
721911
722931
721944
722635
721875
722580
722560
721813
722831
721866
722213
722848
723055
721881
721802
722189
722627
721962
721971
721806
721873
721846
722236
721880
721805
722252
721867
721924
722836
722049
722685
722098
721932
722070
722845
721749
722175
722115
722593
722187
722626
722936
723040
722760
722761
722858
722054
722770
722800
722131
722905
722505
722666
722508
722060
721724
721896
721870
722023
722897
722841
722565
721879
721964
722846
722558
722503
722581
722929
722738
722010
722730
722531
722310
722765
722567
722631
722584
722024
722592
722746
722613
722594
721878
722870
721894
723003
722170
721787
722911
722559
722281
722590
722569
722182
722188
722138
721868
722843
722778
721955
721895
722097
722311
722913
722591
722750
721800
721899
722119
722502
722500
722914
722737
722253
722217
722167
722928
721872
722868
722932
722859
722211
721861
721817
722894
721829
721893
722912
722074
722854
722901
721915
722704
722561
722625
722745
722554
722255
722497
721858
