722636720296
721426
718856
720595
720419
720285
720625
721045
719602
720088
720966
721225
720622
720105
720807
718624
720969
721229
721517
720396
720479
721221
720616
721128
721232
720399
718912
720598
721052
719849
720806
720994
720100
721095
721087
720990
720904
720398
720652
720601
720459
721093
721033
720607
720099
720870
720107
721085
718914
720993
721224
721051
721094
721122
720509
721073
719154
720980
718882
720457
721114
720970
720995
721422
721189
718907
720992
721120
721077
720417
720455
720164
720541
718749
719843
721187
720692
720481
720106
720471
718591
721718
721039
720621
719852
721531
721040
721116
721661
718918
720423
719313
721076
721441
719850
720988
720395
719936
721485
720406
720619
718674
720507
719935
720614
720051
721186
718920
719846
720415
719853
720104
720401
720571
721043
721080
721070
721133
719844
720596
720052
720161
720612
721438
719307
720047
721115
720043
718908
720162
720989
720044
719851
721121
720446
720605
720981
720311
718916
718923
720470
720628
720452
720987
721129
718568
720158
720168
721075
720965
720972
721637
719847
720606
719937
719856
721119
720222
720903
718589
718922
720049
720163
718602
720092
721634
718743
721035
721090
720464
720505
720529
720633
720167
720292
719855
721191
721633
720609
720418
721190
718913
720431
719854
718590
719939
720604
720540
720477
720166
720289
721134
719309
720629
721425
719848
720510
718592
720985
720454
720651
720984
720603
720042
720476
720402
720578
720039
720436
721616
719603
718669
721628
720626
719940
720983
720154
720091
720597
720968
720422
720521
720593
720611
718600
720226
720094
721261
720517
720539
720283
721118
719857
721086
721527
720427
720897
721144
720468
721226
720416
720568
721454
720282
721548
720033
720623
720411
720429
718658
721079
720182
720374
720512
720220
721260
719931
719934
721456
719842
720731
721248
720451
720434
720979
718675
720089
721185
720636
720046
720312
720221
718927
718601
720610
721635
720225
720286
720620
720074
721135
718672
720466
720580
718655
721338
721183
718975
720050
720542
718924
720103
720280
720213
721044
721188
720364
720767
721223
719600
720574
720440
718660
718857
720170
720508
720811
720038
721458
720527
720284
720425
719835
718886
720444
720474
719318
720410
721267
720530
718623
718652
720449
721549
720514
721321
721282
721184
720691
720555
719833
720438
720405
721455
721233
718668
721484
720528
720097
720048
720308
720524
720040
720632
720537
721227
720546
719845
718673
720618
718654
720475
721662
720288
720467
720781
721179
721111
720613
720677
720435
720637
720430
720178
720041
720557
720473
719432
718657
720577
721448
720797
721287
719839
720579
720869
721659
720664
718925
720492
720083
720426
718659
721449
720223
720535
721624
720247
718671
721228
720159
720420
720534
721154
719932
720448
720547
721081
720576
719861
720693
718962
720413
720502
720532
720953
720976
720961
720688
720080
719941
718904
720627
720602
719921
719942
720045
720248
720002
718650
720868
721251
718756
720592
721252
721083
https://is.sankakucomplex.com/data/53/b1/53b1f2927ca9fa6adef50ca6c775c43a.mp4?e=1586679693&m=sYbmUUYd0jFAMLkmyF5SpQ
https://is.sankakucomplex.com/data/sample/65/e9/sample-65e921ec74b5a9f1fd5a6f9469e9a3ea.jpg?e=1586679661&m=ZfBcJjMF-HncklHAol8YcA
https://is.sankakucomplex.com/data/sample/af/15/sample-af1502e3bad6d62652bbf550879b71fe.jpg?e=1586679711&m=IQ8JFEV0XqFkY-rOwPGAlQ
https://is.sankakucomplex.com/data/sample/47/14/sample-4714d621637048544ac3fd56933637cd.jpg?e=1586679708&m=rwT2zuyei-vpHNsYq74uwQ
https://is.sankakucomplex.com/data/18/90/18904dd975b8c5e327a619ddf9a5aa13.mp4?e=1586679713&m=pYkUKk18s0KfLoEewb15IQ
https://is.sankakucomplex.com/data/sample/42/05/sample-42054ea7f12f5f6d478ca39325540614.jpg?e=1586679717&m=Gp-HrkZtc50hBMJ7vYxA3Q
https://is.sankakucomplex.com/data/sample/17/8b/sample-178b89061189298a8e616eb22c4cae9b.jpg?e=1586679719&m=iZ_OO_mFSPAEQog3IUUnPw
https://is.sankakucomplex.com/data/68/eb/68ebb303ca9c91241ed94847c64977ea.mp4?e=1586679720&m=VLRBehzxZLKKquakdWc42g
https://is.sankakucomplex.com/data/sample/79/a7/sample-79a77778f137fa730e7b33348c3b4d6d.jpg?e=1586679722&m=o8LB1GFcGo9sOh5TLFKFYQ
https://is.sankakucomplex.com/data/sample/1b/37/sample-1b371590dff062d4afe43b521b0e9461.jpg?e=1586679553&m=YyE6JDptpwVW06nccPZItw
https://is.sankakucomplex.com/data/80/85/8085571ed16ffee27488dfbe73e8357f.jpg?e=1586679723&m=-UTW_XUBF8OuFuQRr6jcDw
https://is.sankakucomplex.com/data/sample/f7/9c/sample-f79c3ef72075c3c1e90e53d2e84a4e96.jpg?e=1586679727&m=O9KBOkEj9PHqNwnggnqJgQ
https://is.sankakucomplex.com/data/45/bb/45bb1b1f25952fec673ca853a77f2bde.mp4?e=1586679865&m=OsWUDtRulSe6cnV53d7aPg
https://is.sankakucomplex.com/data/sample/c8/05/sample-c805cf811406829b38d50b42fae51cf4.jpg?e=1586679733&m=CEvB9P41siVjE5_Bu2MQeg
https://is.sankakucomplex.com/data/sample/9f/b7/sample-9fb7833b9f63783830f02e90f8d77b57.jpg?e=1586679714&m=79xD0VzaCzlzATa9wuC2cg
https://is.sankakucomplex.com/data/60/75/6075009d91b2df93e3db18555773af72.jpg?e=1586679869&m=Js8xxQBts3fP2IRhJsKtzg
https://is.sankakucomplex.com/data/50/8e/508e6c814192578998e047223a46dc8f.jpg?e=1586679870&m=CN_LY5n1zRy6hgDeAQGU1A
https://is.sankakucomplex.com/data/4f/9d/4f9dfd8daca8456a1bd21b835115ff87.mp4?e=1586679879&m=XSdO85yPElPtUNYCei1Ltg
https://is.sankakucomplex.com/data/3c/41/3c41764a41f331c8994bd1f34c1aaa4d.mp4?e=1586679874&m=TWtuSOh9bY6hXnskool8oQ
https://is.sankakucomplex.com/data/b7/be/b7be3efed9c3642362d5fe38a08cfa9b.mp4?e=1586679886&m=DqCKf_rU3WTSI9jR5EuRWA
https://is.sankakucomplex.com/data/9c/76/9c76426a427d140c31e46296919a7511.mp4?e=1586679889&m=Gpenxt-fr7rF6jJq-vam6w
https://is.sankakucomplex.com/data/94/8c/948c1ef202ab7180170d5bbce7eb389e.mp4?e=1586679734&m=dYZDgGFNFX-jZpfsnti1wQ
https://is.sankakucomplex.com/data/9d/cf/9dcfe8efa5123f88472f5756264c070b.mp4?e=1586680059&m=16Lv7lz1DOvDy5gwGi2irg
https://is.sankakucomplex.com/data/7f/70/7f70c34a45ff9633987e068f94c3fb0b.mp4?e=1586680062&m=IgdX5p7nDGZV-PqzrACUcQ
https://is.sankakucomplex.com/data/63/ec/63ec68b00203fa4a9af5d15dcea3d259.jpg?e=1586678863&m=fpGziNFtk1nCuKLPfC9Jgg
https://is.sankakucomplex.com/data/96/78/96780bc92fa8f7dd7acf33035032792d.mp4?e=1586679890&m=tpdxBat2SU0x-MyI3aSTUA
https://is.sankakucomplex.com/data/65/32/653219ce25f54fab49dfe1d044a80de1.mp4?e=1586680074&m=p_aaA9evAMMBuXQCHJXS5A
https://is.sankakucomplex.com/data/sample/90/61/sample-90612550a8581b7e8908637790fd602c.jpg?e=1586680105&m=pP82W384r6XE12ZbvJ4mvw
https://is.sankakucomplex.com/data/sample/e5/6b/sample-e56ba2ae0f6923ace1c9ad07b3099a89.jpg?e=1586679481&m=12kAdHATHJGmbRIc7I5H7Q
https://is.sankakucomplex.com/data/e3/dd/e3ddb58361da1bc76c4a8032e72ddde9.mp4?e=1586680115&m=8gKLhoyi-Iz-Ng5QDGFvmg
