




































































































































































































































724248
723175
724222
723744
724479





























































723914







723425
723206
723406
723192
723999
723221
723719
724106
724304
723111
723351
723369
724211
723230
723398
723494
723717
723248
724490
723417
723856
724560
724552
723468
723588
723626
724517
723613
723458
724597
723358
723469
723812
723276
723528
724508
724051
724135
724040
723173
723558
723760
723217
723724
723727
723956
723488
723550
723223
724530
724476
724557
724511
723556
723483
724475
724314
724184
724079
